camera_matrix:
- - 3295.6708067141662
  - 0.0
  - 1540.9180894621772
- - 0.0
  - 3298.446245068854
  - 1984.1139068742348
- - 0.0
  - 0.0
  - 1.0
dist_coeff:
- - 0.264982632622742
  - -1.6073674031575638
  - 0.0006706032091770182
  - 0.002510071107912691
  - 2.982486022274385
